  1  1  0.031250     4
  2  1  0.031250     4
  3  1  0.031250     4
  4  1  0.031250     4
  5  1  0.031250     4
  6  1  0.031250     4
  7  1  0.031250     4
  8  1  0.031250     4
  9  1  0.031250     4
 10  1  0.031250     4
 11  1  0.031250     4
 12  1  0.031250     4
 13  1  0.031250     4
 14  1  0.031250     4
 15  1  0.031250     4
 16  1  0.031250     5
 17  1  0.031250     4
 18  1  0.031250     4
 19  1  0.031250     5
 20  1  0.031250     4
 21  1  0.031250     4
 22  1  0.031250     4
 23  1  0.031250     4
 24  1  0.031250     4
 25  1  0.031250     5
 26  1  0.031250     4
 27  1  0.031250     4
 28  1  0.031250     4
 29  1  0.031250     4
 30  1  0.031250     4
 31  1  0.031250     4
 32  1  0.031250     4
